316
441
207
434
311
455
419
449
323
358
210
467
126
452
322
377
366
443
159
326
430
73
144
217
381
179
142
390
283
204
195
205
76
463
292
364
311
122
252
234
158
211
428
149
258
98
244
343
499
152
351
86
362
150
431
199
256
213
142
137
403
164
202
114
296
496
265
254
276
293
436
181
362
337
79
479
180
422
288
351
152
87
489
346
420
339
115
210
334
221
118
389
217
461
402
105
261
271
468
364
427
138
498
242
199
114
372
468
141
135
429
126
202
435
196
203
277
376
280
314
327
370
429
214
134
160
478
293
179
424
448
289
284
269
319
353
390
264
473
309
216
267
354
431
409
231
385
333
404
453
270
460
249
299
277
211
419
440
486
247
335
221
448
229
476
348
172
181
424
375
339
251
457
394
485
229
332
363
355
209
268
211
459
461
427
371
499
473
433
397
448
452
370
248
316
322
430
454
380
238
297
321
238
425
367
316
437
240
434
257
330
436
286
461
367
323
412
382
300
352
426
405
387
444
366
377
425
420
465
444
336
335
326
262
468
278
238
369
448
289
496
278
260
443
402
490
272
322
319
405
321
324
482
451
412
363
482
270
469
272
294
322
462
351
322
309
431
337
418
389
331
303
371
388
483
471
375
460
318
377
333
381
494
388
298
492
351
442
456
381
418
355
453
422
411
326
350
433
369
474
335
423
388
446
365
374
428
498
345
500
462
350
489
405
335
475
484
317
379
388
451
401
425
358
351
376
478
393
460
397
375
404
387
343
393
349
455
352
474
466
389
349
420
404
409
396
363
486
461
423
408
452
486
485
357
374
432
408
359
418
385
450
365
428
452
391
457
473
414
406
479
409
374
421
434
396
431
447
434
477
488
456
493
390
458
432
399
389
393
461
443
392
396
450
478
412
424
443
472
477
440
463
404
481
438
469
446
461
412
462
482
430
448
419
445
494
445
457
446
475
479
479
440
474
499
496
496
449
452
476
471
494
443
461
446
459
497
472
492
470
464
457
483
461
457
478
500
463
470
472
453
456
473
467
493
463
468
489
486
464
495
472
467
464
488
473
469
480
480
499
477
480
486
497
484
479
488
496
499
484
494
491
488
495
500
491
488
492
495
498
490
498
493
500
495
499
500
498
500
499
